==========Sorted_layers_asc==========
layer3_22: 6.771929789217945
layer3_21: 6.870421296866964
layer3_20: 7.148597402109317
layer3_19: 7.511650611130385
layer3_18: 7.899454497349953
layer3_17: 8.28148787102702
layer3_16: 8.515608109577371
layer3_15: 8.7932655567523
layer3_14: 8.9755200630274
layer3_13: 9.13987571755275
layer3_12: 9.59898791425031
layer3_11: 9.96700314518414
layer4_0: 10.357728089236016
layer3_10: 10.405980109659335
layer3_9: 11.202559541020364
layer3_8: 11.791000479451796
layer4_1: 12.020775937537394
layer3_7: 12.63856946234173
layer4_2: 12.76657478971032
layer3_6: 14.335885048159254
layer3_5: 15.365308952077728
layer2_3: 16.3909988616397
layer3_4: 16.750407965391666
layer2_2: 16.97602325021304
layer3_3: 18.433706463970267
layer2_1: 18.74905778162617
layer3_0: 18.903081081672525
layer3_2: 19.564767467790283
layer3_1: 20.47213796386802
layer1_2: 22.579378595713074
layer1_1: 23.394381646099333
layer2_0: 23.972644050711285
layer1_0: 25.48171130789431
EMD of all datasets: 12.45781398431301