==========Sorted_layers_asc==========
layer3_22: 6.223121113322879
layer3_21: 6.418787929672254
layer3_20: 6.725598989337117
layer3_19: 7.151683366219486
layer3_18: 7.630391178283496
layer3_17: 8.080700937603323
layer3_16: 8.417843405125545
layer3_15: 8.56949262739289
layer3_13: 8.60509013145227
layer3_14: 8.741190419724019
layer3_12: 8.77908546787085
layer3_11: 8.990133972818668
layer4_0: 9.041175486025224
layer3_10: 9.137395872509325
layer3_9: 9.704598969086707
layer3_8: 9.971885971078867
layer3_7: 10.884622673013201
layer4_1: 11.067364392644443
layer3_6: 12.29604044171828
layer4_2: 12.523372006156327
layer3_5: 13.180082041840995
layer2_3: 14.826451200274409
layer3_4: 15.134789884092406
layer2_2: 15.61204295809891
layer3_2: 16.764462185162756
layer3_0: 16.813679544535955
layer3_3: 16.961080097491987
layer3_1: 17.21688003019114
layer2_1: 17.926165303657875
layer2_0: 23.030583061225123
layer1_2: 23.093748741290792
layer1_1: 23.86698595443827
layer1_0: 26.377727143077962
EMD of all datasets: 11.391958983953584